width_lock = 0.750000000;

thickness = 2.75;
tolerance = 0.15;
height = 6.1;

center_lock_1 = [765.762441146,610.914145729];
size_lock_1 = [34.631762292,34.933122708];
stroke_width_lock_1 = 0.065400989;
// paths for lock_1
points_lock_1_1 = [ [-16.239926562,-6.545937187],[-15.487242945,-4.803716399],[-15.192888870,-3.151026270],[-15.254439274,-1.621254529],[-15.569469089,-0.247788906],[-16.550266689,1.896673066],[-17.315881146,3.015257813],[-16.986263229,4.248983438],[-15.353284713,5.216057225],[-14.143727484,6.380096354],[-13.294352300,7.653886304],[-12.741919922,8.950212552],[-12.274926618,11.261615859],[-12.236833646,12.616590104],[-11.245016562,13.420923438],[-9.355474430,13.243464502],[-7.692714115,13.474233672],[-6.256837314,14.005501709],[-5.047945729,14.729539375],[-3.311525000,16.325006641],[-2.484265521,17.398801563],[-1.209079687,17.466561354],[0.215279314,16.212352070],[1.696120140,15.421703018],[3.170038597,15.007520288],[4.573630495,14.882709974],[6.916217842,15.152830954],[8.216648646,15.535314688],[9.288105312,14.840598229],[9.703234547,12.988701913],[10.436531338,11.478634964],[11.385507987,10.277204681],[12.447676797,9.351218359],[14.501640107,8.192806794],[15.778519687,7.737858646],[16.237016146,6.546043021],[15.484335525,4.803808693],[15.189947861,3.151023789],[15.251393982,1.620994803],[15.566214714,0.247028229],[16.546143324,-1.899491706],[17.310060313,-3.022084062],[17.315881146,-3.008325729],[16.983352812,-4.248983437],[15.350373160,-5.216057225],[14.140812933,-6.380096354],[13.291433512,-7.653886304],[12.738996276,-8.950212552],[12.271993877,-11.261615859],[12.233896771,-12.616590104],[11.242079687,-13.420923437],[9.352545203,-13.243464502],[7.689788815,-13.474233672],[6.253913462,-14.005501709],[5.045022083,-14.729539375],[3.308603008,-16.325006641],[2.481355104,-17.398801562],[1.206169271,-17.466561354],[-0.218189731,-16.212352070],[-1.699030557,-15.421703018],[-3.172949014,-15.007520288],[-4.576540911,-14.882709974],[-6.919128258,-15.152830954],[-8.219559063,-15.535314687],[-9.291042188,-14.840598229],[-9.706162740,-12.988701913],[-10.439453330,-11.478634964],[-11.388426259,-10.277204681],[-12.450593828,-9.351218359],[-14.504562100,-8.192806794],[-15.781456563,-7.737858646],[-16.239926562,-6.545937187] ];
points_lock_1_2 = [ [9.288131771,14.840598229],[9.703255631,12.988687598],[10.436569372,11.478520449],[11.385605139,10.276818193],[12.447895078,9.350302240],[14.502366058,8.189714889],[15.780239479,7.730529688],[14.502366058,8.189714889],[12.447895078,9.350302240],[11.385605139,10.276818193],[10.436569372,11.478520449],[9.703255631,12.988687598],[9.288131771,14.840598229],[8.210960104,15.540235938],[9.288131771,14.840598229] ];

module polygon_lock_1() {
 render(convexity=4) {
    difference() {
      polygon(points=points_lock_1_1);
      polygon(points=points_lock_1_2);
    }
 }
}

w = size_lock_1[0];
linear_extrude(height=height)
difference() {
    scale((w+tolerance+thickness*2)/w) polygon_lock_1();
    scale((w+tolerance*2)/w) polygon_lock_1();
}
translate([0,0,height/2]) rotate([0,0,-11]) translate([0,-w/2-0.7,0]) rotate([90,0,0]) sphere(d=3,$fn=16);
