center_solomonic_1 = [76.080653999,38.022088543];
size_solomonic_1 = [4.607347540,4.667741331];
stroke_width_solomonic_1 = 0.066145833;
center_solomonic_2 = [79.199909333,42.292352021];
size_solomonic_2 = [1.631156250,7.371619750];
stroke_width_solomonic_2 = 0.066145833;
// paths for solomonic_1
points_solomonic_1_1 = [ [-2.303673770,2.333870666],[2.303673770,2.333870666],[2.303673770,-2.333870666],[-2.303673770,-2.333870666],[-2.303673770,2.333870666] ];

// paths for solomonic_2
points_solomonic_2_1 = [ [-0.815578125,-3.685809875],[-0.748958998,-3.150609391],[-0.572605793,-2.734330050],[-0.031722219,-2.073088138],[0.262295618,-1.735402233],[0.525022465,-1.331190808],[0.721202056,-0.814092195],[0.815578125,-0.137744729],[0.745489380,0.521014405],[0.560709961,1.042796876],[0.299470093,1.470260329],[-0.299470093,2.212860759],[-0.560709961,2.613313024],[-0.745489380,3.090076848],[-0.815578125,3.685809875] ];


