n=5;
minD=1.414213562;
bumpR = 2*sin((1/2)*asin(minD/2));
points = [[-0.162929869,0.295287960,-0.941413235],[-0.366446544,-0.904021997,-0.220138953],[-0.610110259,0.719708471,0.331338480],[0.162929869,-0.295287960,0.941413235],[0.976556803,0.184313526,-0.111199528]];
difference() {
 sphere(r=1,$fn=100);
 for(i=[0:len(points)-1]) translate(points[i]) sphere(r=bumpR,$fn=12);
}

