n=6;
minD=1.414213562;
bumpR = 2*sin((1/2)*asin(minD/2));
points = [[-0.856087876,0.506090967,-0.104811653],[0.303790289,0.656812842,0.690150963],[-0.418120808,-0.558989109,0.716035031],[0.856087876,-0.506090967,0.104811653],[-0.303790289,-0.656812842,-0.690150963],[0.418120808,0.558989109,-0.716035031]];
difference() {
 sphere(r=1,$fn=100);
 for(i=[0:len(points)-1]) translate(points[i]) sphere(r=bumpR,$fn=12);
}

