n=4;
minD=1.414213562;
bumpR = 2*sin((1/2)*asin(minD/2));
points = [[-0.766334626,0.456640558,-0.451896715],[0.074951109,-0.635053431,-0.768823433],[0.766334626,-0.456640558,0.451896715],[-0.074951109,0.635053431,0.768823433]];
union() {
 sphere(r=1,$fn=36);
 for(i=[0:len(points)-1]) translate(points[i]) sphere(r=bumpR,$fn=36);
}

